<?xml version="1.0"?>
<opencv_storage>
<CornersAmount>48</CornersAmount>
<Corner_0>
  288 432</Corner_0>
<Corner_1>
  300 430</Corner_1>
<Corner_2>
  310 425</Corner_2>
<Corner_3>
  322 422</Corner_3>
<Corner_4>
  333 417</Corner_4>
<Corner_5>
  343 415</Corner_5>
<Corner_6>
  353 410</Corner_6>
<Corner_7>
  364 408</Corner_7>
<Corner_8>
  298 439</Corner_8>
<Corner_9>
  309 433</Corner_9>
<Corner_10>
  322 429</Corner_10>
<Corner_11>
  332 425</Corner_11>
<Corner_12>
  344 422</Corner_12>
<Corner_13>
  354 417</Corner_13>
<Corner_14>
  365 415</Corner_14>
<Corner_15>
  374 410</Corner_15>
<Corner_16>
  307 443</Corner_16>
<Corner_17>
  320 439</Corner_17>
<Corner_18>
  331 434</Corner_18>
<Corner_19>
  343 430</Corner_19>
<Corner_20>
  352 425</Corner_20>
<Corner_21>
  365 421</Corner_21>
<Corner_22>
  374 416</Corner_22>
<Corner_23>
  384 414</Corner_23>
<Corner_24>
  319 448</Corner_24>
<Corner_25>
  331 443</Corner_25>
<Corner_26>
  344 440</Corner_26>
<Corner_27>
  354 433</Corner_27>
<Corner_28>
  365 430</Corner_28>
<Corner_29>
  376 425</Corner_29>
<Corner_30>
  387 422</Corner_30>
<Corner_31>
  395 418</Corner_31>
<Corner_32>
  329 452</Corner_32>
<Corner_33>
  342 449</Corner_33>
<Corner_34>
  354 442</Corner_34>
<Corner_35>
  364 438</Corner_35>
<Corner_36>
  376 434</Corner_36>
<Corner_37>
  387 430</Corner_37>
<Corner_38>
  397 424</Corner_38>
<Corner_39>
  407 421</Corner_39>
<Corner_40>
  342 459</Corner_40>
<Corner_41>
  355 452</Corner_41>
<Corner_42>
  366 448</Corner_42>
<Corner_43>
  378 442</Corner_43>
<Corner_44>
  389 439</Corner_44>
<Corner_45>
  398 433</Corner_45>
<Corner_46>
  409 430</Corner_46>
<Corner_47>
  418 424</Corner_47>
</opencv_storage>
