<?xml version="1.0"?>
<opencv_storage>
<CameraMatrix type_id="opencv-matrix">
  <rows>3</rows>
  <cols>3</cols>
  <dt>f</dt>
  <data>
    4.87252991e+02 0. 2.97857697e+02 0. 4.89743317e+02 2.42119415e+02 0.
    0. 1.</data></CameraMatrix>
<DistortionCoeffs type_id="opencv-matrix">
  <rows>5</rows>
  <cols>1</cols>
  <dt>f</dt>
  <data>
    -3.85697544e-01 2.72524923e-01 -2.78080930e-04 6.02762797e-04
    -1.60465628e-01</data></DistortionCoeffs>
<RotationValues type_id="opencv-matrix">
  <rows>3</rows>
  <cols>1</cols>
  <dt>f</dt>
  <data>
    1.69690275e+00 1.93421677e-01 1.19010043e+00</data></RotationValues>
<TranslationValues type_id="opencv-matrix">
  <rows>3</rows>
  <cols>1</cols>
  <dt>f</dt>
  <data>
    -4.20848045e+01 -4.49784660e+01 -4.80400940e+02</data></TranslationValues>
</opencv_storage>
