<?xml version="1.0"?>
<opencv_storage>
<CameraMatrix type_id="opencv-matrix">
  <rows>3</rows>
  <cols>3</cols>
  <dt>f</dt>
  <data>
    4.87252991e+02 0. 2.97857697e+02 0. 4.89743317e+02 2.42119415e+02 0.
    0. 1.</data></CameraMatrix>
<DistortionCoeffs type_id="opencv-matrix">
  <rows>5</rows>
  <cols>1</cols>
  <dt>f</dt>
  <data>
    -3.85697544e-01 2.72524923e-01 -2.78080930e-04 6.02762797e-04
    -1.60465628e-01</data></DistortionCoeffs>
<RotationValues type_id="opencv-matrix">
  <rows>3</rows>
  <cols>1</cols>
  <dt>f</dt>
  <data>
    1.75859702e+00 -6.44847214e-01 4.83260483e-01</data></RotationValues>
<TranslationValues type_id="opencv-matrix">
  <rows>3</rows>
  <cols>1</cols>
  <dt>f</dt>
  <data>
    4.39311554e+02 7.41508484e+02 4.29297705e+03</data></TranslationValues>
</opencv_storage>
