<?xml version="1.0"?>
<opencv_storage>
<CameraMatrix type_id="opencv-matrix">
  <rows>3</rows>
  <cols>3</cols>
  <dt>f</dt>
  <data>
      487.253005354295. 0. 297.8577090148693.
      0. 489.7433075248931. 242.1194172793639.
      0. 0. 1.
  </data>
</CameraMatrix>
<DistortionCoeffs type_id="opencv-matrix">
  <rows>5</rows>
  <cols>1</cols>
  <dt>f</dt>
  <data>
    -0.3856975462096282.
    0.272524912866784.
    -0.0002780809196661386.
    0.000602762781595894.
    -0.1604656221437292.
  </data>
</DistortionCoeffs>
</opencv_storage>