<?xml version="1.0"?>
<opencv_storage>
<CornersAmount>48</CornersAmount>
<Corner_0>
  225 333</Corner_0>
<Corner_1>
  240 332</Corner_1>
<Corner_2>
  253 335</Corner_2>
<Corner_3>
  267 335</Corner_3>
<Corner_4>
  282 335</Corner_4>
<Corner_5>
  297 336</Corner_5>
<Corner_6>
  311 335</Corner_6>
<Corner_7>
  326 335</Corner_7>
<Corner_8>
  223 338</Corner_8>
<Corner_9>
  237 339</Corner_9>
<Corner_10>
  251 339</Corner_10>
<Corner_11>
  265 339</Corner_11>
<Corner_12>
  281 339</Corner_12>
<Corner_13>
  294 340</Corner_13>
<Corner_14>
  310 340</Corner_14>
<Corner_15>
  325 340</Corner_15>
<Corner_16>
  221 344</Corner_16>
<Corner_17>
  234 343</Corner_17>
<Corner_18>
  248 345</Corner_18>
<Corner_19>
  264 346</Corner_19>
<Corner_20>
  279 346</Corner_20>
<Corner_21>
  294 345</Corner_21>
<Corner_22>
  309 347</Corner_22>
<Corner_23>
  325 347</Corner_23>
<Corner_24>
  217 350</Corner_24>
<Corner_25>
  233 350</Corner_25>
<Corner_26>
  248 350</Corner_26>
<Corner_27>
  262 351</Corner_27>
<Corner_28>
  279 351</Corner_28>
<Corner_29>
  294 351</Corner_29>
<Corner_30>
  308 351</Corner_30>
<Corner_31>
  325 352</Corner_31>
<Corner_32>
  215 357</Corner_32>
<Corner_33>
  230 357</Corner_33>
<Corner_34>
  245 358</Corner_34>
<Corner_35>
  260 357</Corner_35>
<Corner_36>
  277 360</Corner_36>
<Corner_37>
  292 358</Corner_37>
<Corner_38>
  309 360</Corner_38>
<Corner_39>
  325 360</Corner_39>
<Corner_40>
  211 364</Corner_40>
<Corner_41>
  226 365</Corner_41>
<Corner_42>
  243 365</Corner_42>
<Corner_43>
  258 365</Corner_43>
<Corner_44>
  274 365</Corner_44>
<Corner_45>
  291 366</Corner_45>
<Corner_46>
  306 365</Corner_46>
<Corner_47>
  325 367</Corner_47>
</opencv_storage>
