<?xml version="1.0"?>
<opencv_storage>
<CameraMatrix type_id="opencv-matrix">
  <rows>3</rows>
  <cols>3</cols>
  <dt>f</dt>
  <data>
    4.87252991e+002 0. 2.97857697e+002 0. 4.89743317e+002
    2.42119415e+002 0. 0. 1.</data></CameraMatrix>
<DistortionCoeffs type_id="opencv-matrix">
  <rows>5</rows>
  <cols>1</cols>
  <dt>f</dt>
  <data>
    -3.85697544e-001 2.72524923e-001 -2.78080930e-004 6.02762797e-004
    -1.60465628e-001</data></DistortionCoeffs>
<RotationValues type_id="opencv-matrix">
  <rows>3</rows>
  <cols>1</cols>
  <dt>f</dt>
  <data>
    1.88916934e+000 1.12075023e-001 -9.21504050e-002</data></RotationValues>
<TranslationValues type_id="opencv-matrix">
  <rows>3</rows>
  <cols>1</cols>
  <dt>f</dt>
  <data>
    -1.24126949e+001 9.02780273e+002 3.05882397e+003</data></TranslationValues>
</opencv_storage>
