<?xml version="1.0"?>
<opencv_storage>
<CornersAmount>48</CornersAmount>
<Corner_0>
  375 415</Corner_0>
<Corner_1>
  376 420</Corner_1>
<Corner_2>
  379 426</Corner_2>
<Corner_3>
  382 432</Corner_3>
<Corner_4>
  385 439</Corner_4>
<Corner_5>
  387 444</Corner_5>
<Corner_6>
  389 451</Corner_6>
<Corner_7>
  392 458</Corner_7>
<Corner_8>
  388 415</Corner_8>
<Corner_9>
  392 421</Corner_9>
<Corner_10>
  394 427</Corner_10>
<Corner_11>
  396 431</Corner_11>
<Corner_12>
  399 438</Corner_12>
<Corner_13>
  401 444</Corner_13>
<Corner_14>
  406 450</Corner_14>
<Corner_15>
  408 456</Corner_15>
<Corner_16>
  402 415</Corner_16>
<Corner_17>
  405 419</Corner_17>
<Corner_18>
  408 425</Corner_18>
<Corner_19>
  412 431</Corner_19>
<Corner_20>
  414 435</Corner_20>
<Corner_21>
  418 442</Corner_21>
<Corner_22>
  423 449</Corner_22>
<Corner_23>
  427 457</Corner_23>
<Corner_24>
  416 414</Corner_24>
<Corner_25>
  418 418</Corner_25>
<Corner_26>
  423 424</Corner_26>
<Corner_27>
  426 431</Corner_27>
<Corner_28>
  431 436</Corner_28>
<Corner_29>
  433 441</Corner_29>
<Corner_30>
  437 447</Corner_30>
<Corner_31>
  442 454</Corner_31>
<Corner_32>
  428 414</Corner_32>
<Corner_33>
  432 418</Corner_33>
<Corner_34>
  437 424</Corner_34>
<Corner_35>
  442 430</Corner_35>
<Corner_36>
  444 434</Corner_36>
<Corner_37>
  449 440</Corner_37>
<Corner_38>
  454 446</Corner_38>
<Corner_39>
  458 453</Corner_39>
<Corner_40>
  442 414</Corner_40>
<Corner_41>
  446 417</Corner_41>
<Corner_42>
  450 423</Corner_42>
<Corner_43>
  453 427</Corner_43>
<Corner_44>
  458 432</Corner_44>
<Corner_45>
  463 437</Corner_45>
<Corner_46>
  468 443</Corner_46>
<Corner_47>
  474 450</Corner_47>
</opencv_storage>
