<?xml version="1.0"?>
<opencv_storage>
<CornersAmount>48</CornersAmount>
<Corner_0>
  374 417</Corner_0>
<Corner_1>
  387 416</Corner_1>
<Corner_2>
  402 417</Corner_2>
<Corner_3>
  416 416</Corner_3>
<Corner_4>
  429 415</Corner_4>
<Corner_5>
  443 412</Corner_5>
<Corner_6>
  377 422</Corner_6>
<Corner_7>
  390 421</Corner_7>
<Corner_8>
  403 421</Corner_8>
<Corner_9>
  418 420</Corner_9>
<Corner_10>
  433 421</Corner_10>
<Corner_11>
  445 418</Corner_11>
<Corner_12>
  378 428</Corner_12>
<Corner_13>
  395 426</Corner_13>
<Corner_14>
  409 426</Corner_14>
<Corner_15>
  423 425</Corner_15>
<Corner_16>
  438 425</Corner_16>
<Corner_17>
  452 422</Corner_17>
<Corner_18>
  381 433</Corner_18>
<Corner_19>
  396 432</Corner_19>
<Corner_20>
  410 431</Corner_20>
<Corner_21>
  425 430</Corner_21>
<Corner_22>
  440 429</Corner_22>
<Corner_23>
  453 428</Corner_23>
<Corner_24>
  385 438</Corner_24>
<Corner_25>
  399 439</Corner_25>
<Corner_26>
  414 437</Corner_26>
<Corner_27>
  430 436</Corner_27>
<Corner_28>
  446 435</Corner_28>
<Corner_29>
  459 433</Corner_29>
<Corner_30>
  387 446</Corner_30>
<Corner_31>
  403 446</Corner_31>
<Corner_32>
  420 444</Corner_32>
<Corner_33>
  435 443</Corner_33>
<Corner_34>
  449 443</Corner_34>
<Corner_35>
  465 440</Corner_35>
<Corner_36>
  392 454</Corner_36>
<Corner_37>
  407 453</Corner_37>
<Corner_38>
  425 451</Corner_38>
<Corner_39>
  439 449</Corner_39>
<Corner_40>
  456 448</Corner_40>
<Corner_41>
  469 446</Corner_41>
<Corner_42>
  394 459</Corner_42>
<Corner_43>
  411 457</Corner_43>
<Corner_44>
  426 458</Corner_44>
<Corner_45>
  444 455</Corner_45>
<Corner_46>
  458 455</Corner_46>
<Corner_47>
  475 453</Corner_47>
</opencv_storage>
