<?xml version="1.0"?>
<opencv_storage>
<CameraMatrix type_id="opencv-matrix">
  <rows>3</rows>
  <cols>3</cols>
  <dt>f</dt>
  <data>
    4.78114441e+02 0. 2.89669312e+02 0. 4.78250275e+02 2.22785049e+02 0.
    0. 1.</data></CameraMatrix>
<DistortionCoeffs type_id="opencv-matrix">
  <rows>5</rows>
  <cols>1</cols>
  <dt>f</dt>
  <data>
    -3.81564617e-01 -2.62471557e-01 3.42633878e-03 9.68977809e-03
    1.15907677e-01</data></DistortionCoeffs>
<RotationValues type_id="opencv-matrix">
  <rows>3</rows>
  <cols>1</cols>
  <dt>f</dt>
  <data>
    1.38857293e+00 -1.38157320e+00 1.04113269e+00</data></RotationValues>
<TranslationValues type_id="opencv-matrix">
  <rows>3</rows>
  <cols>1</cols>
  <dt>f</dt>
  <data>
    2.77859497e+02 1.06931628e+03 3.16622485e+03</data></TranslationValues>
</opencv_storage>
