<?xml version="1.0"?>
<opencv_storage>
<CornersAmount>48</CornersAmount>
<Corner_0>
  297 310</Corner_0>
<Corner_1>
  304 313</Corner_1>
<Corner_2>
  313 316</Corner_2>
<Corner_3>
  323 319</Corner_3>
<Corner_4>
  332 324</Corner_4>
<Corner_5>
  343 327</Corner_5>
<Corner_6>
  354 331</Corner_6>
<Corner_7>
  365 336</Corner_7>
<Corner_8>
  287 312</Corner_8>
<Corner_9>
  295 317</Corner_9>
<Corner_10>
  303 318</Corner_10>
<Corner_11>
  312 323</Corner_11>
<Corner_12>
  322 327</Corner_12>
<Corner_13>
  332 332</Corner_13>
<Corner_14>
  342 334</Corner_14>
<Corner_15>
  355 340</Corner_15>
<Corner_16>
  278 316</Corner_16>
<Corner_17>
  284 319</Corner_17>
<Corner_18>
  295 324</Corner_18>
<Corner_19>
  301 326</Corner_19>
<Corner_20>
  312 332</Corner_20>
<Corner_21>
  321 336</Corner_21>
<Corner_22>
  331 340</Corner_22>
<Corner_23>
  344 345</Corner_23>
<Corner_24>
  266 318</Corner_24>
<Corner_25>
  274 324</Corner_25>
<Corner_26>
  283 327</Corner_26>
<Corner_27>
  293 332</Corner_27>
<Corner_28>
  300 335</Corner_28>
<Corner_29>
  311 340</Corner_29>
<Corner_30>
  321 344</Corner_30>
<Corner_31>
  332 351</Corner_31>
<Corner_32>
  254 324</Corner_32>
<Corner_33>
  261 328</Corner_33>
<Corner_34>
  271 332</Corner_34>
<Corner_35>
  281 336</Corner_35>
<Corner_36>
  290 340</Corner_36>
<Corner_37>
  299 345</Corner_37>
<Corner_38>
  310 350</Corner_38>
<Corner_39>
  320 354</Corner_39>
<Corner_40>
  241 326</Corner_40>
<Corner_41>
  258 335</Corner_41>
<Corner_42>
  268 340</Corner_42>
<Corner_43>
  277 344</Corner_43>
<Corner_44>
  287 350</Corner_44>
<Corner_45>
  297 354</Corner_45>
<Corner_46>
  310 361</Corner_46>
<Corner_47>
  310 361</Corner_47>
</opencv_storage>
