<?xml version="1.0"?>
<opencv_storage>
<CameraMatrix type_id="opencv-matrix">
  <rows>3</rows>
  <cols>3</cols>
  <dt>f</dt>
  <data>
      488.2530905245027 0 312.6133763298087
      0 490.593429612432 235.444191762363
      0 0 1
  </data>
</CameraMatrix>
<DistortionCoeffs type_id="opencv-matrix">
  <rows>5</rows>
  <cols>1</cols>
  <dt>f</dt>
  <data>
    -0.396623119698972
    0.3014252137974364
    -0.0002697687419697282
    -0.001214598315272655
    -0.1833306773833813
  </data>
</DistortionCoeffs>
</opencv_storage>